110001
110001
110002
110003
110004
110005
110006
110007
110008
110009
110010
110011
110012
110013
110014
110015
110016
110017
110018
110019
110020
110021
110022
110023
110024
110025
110026
110027
110028
110029
110030
110031
110032
110033
110034
110035
110036
110037
110038
110039
110040
110041
110042
110043
110044
110045
110046
110047
110048
110049
110051
110052
110053
110054
110055
110056
110057
110058
110059
110060
110061
110062
110063
110064
110065
110066
110067
110068
110069
110070
110071
110072
110073
110074
110075
110076
110077
110078
110081
110082
110083
110084
110085
110086
110087
110088
110089
110091
110092
110093
110094
110095
110096
110101
110103
110104
110105
110106
110107
110108
110109
110110
110112
110113
110114
110115
110116
110117
110118
110119
110120
110122
110124
110125
110301
110302
110501
110503
110504
110510
110511
110512
110601
110602
110603
110604
110605
110607
110608
110609
121001
121002
121003
121004
121005
121006
121007
121008
121009
121102
122001
122002
122003
122004
122005
122006
122007
122008
122009
122010
122011
122012
122015
122016
122017
122018
122019
122022
122050
122051
122101
122102
122106
122413
123001
123106
123401
123501
124001
124103
124507
125001
125004
125005
125006
125007
125011
125033
126102
127021
131001
131021
131027
131028
131039
131101
132001
132101
132103
132104
132105
132140
132145
133001
133004
133006
133102
133104
133207
134003
134007
134101
134102
134103
134104
134107
134108
134109
134112
134113
134114
134115
134116
134117
136027
136034
136043
136118
136119
136131
136135
140001
140201
140301
140307
140308
140417
140507
140601
140602
140603
140701
140702
141001
141002
141003
141004
141005
141006
141007
141008
141009
141010
141012
141013
141014
141015
141016
141101
141102
141103
141104
141105
141107
141108
141109
141110
141112
141113
141114
141115
141116
141118
141119
141120
141121
141122
141123
141124
141125
141126
141127
141201
141202
141203
141204
141205
141206
141401
141402
141412
141413
141414
141415
141416
141417
141418
141419
141421
142021
142022
142023
142024
142025
142026
142027
142028
142029
142030
142031
142032
142033
142034
142035
142036
143001
143002
143003
143005
143006
143008
143009
143022
143101
143104
143105
143106
143107
143113
143115
143501
143502
143520
143521
144001
144002
144003
144004
144005
144006
144007
144008
144009
144011
144012
144021
144022
144023
144027
144102
144103
144204
144401
144411
144601
144801
144806
146001
147001
147002
147003
147004
147005
147021
147101
147103
147105
147111
147201
147202
148001
151001
160001
160002
160003
160004
160009
160011
160012
160014
160015
160017
160018
160019
160020
160022
160023
160024
160025
160026
160030
160032
160033
160035
160036
160038
160039
160041
160042
160043
160047
160049
160050
160052
160053
160054
160055
160059
160061
160062
160071
160101
160102
160103
171001
171002
171003
171004
171005
171006
171009
201001
201002
201003
201004
201005
201006
201007
201009
201010
201011
201012
201013
201014
201301
201303
201304
201305
201306
201307
201308
201309
201310
202001
202002
208001
208002
208003
208004
208005
208006
208007
208008
208009
208010
208011
208012
208013
208014
208015
208016
208017
208018
208019
208020
208021
208022
208023
208024
208025
208026
208027
209214
209305
209861
211001
211002
211003
211004
211005
211006
211007
211008
211009
211010
211011
211012
211013
211014
211016
211017
211018
211019
212105
212208
212212
221001
221002
221003
221004
221005
221007
221008
221009
221010
221011
221101
221103
221104
221105
221106
221107
221109
221202
221208
221302
221311
221405
226001
226002
226003
226004
226005
226006
226007
226008
226009
226010
226011
226012
226013
226014
226015
226016
226017
226018
226019
226020
226021
226022
226023
226024
226025
226026
227105
232101
244001
248001
248002
248003
248007
248008
248011
248110
248121
248171
250001
250002
250003
250004
250013
250105
250403
273001
273003
273004
273006
273008
273009
273012
273013
273015
281001
281002
281004
282001
282002
282003
282004
282005
282006
282007
282008
282009
282010
283105
284001
284002
284003
284128
301001
301019
301030
301406
302001
302002
302003
302004
302005
302006
302007
302008
302009
302010
302011
302012
302013
302014
302015
302016
302017
302018
302019
302020
302021
302022
302023
302024
302025
302026
302028
302029
302031
302033
302034
302039
303007
303905
304001
304021
304022
304024
305001
305002
305003
305004
305005
305006
305007
305022
305023
305024
305025
305205
305601
311001
312001
312021
313001
313002
313003
313004
313011
313022
313024
313205
313211
313301
313324
322001
322021
324001
324002
324003
324004
324005
324006
324007
324008
324009
324010
325001
332001
332311
333026
333031
333035
334001
334803
335001
335512
335513
342001
342002
342003
342004
342005
342006
342007
342008
342009
342010
342011
342012
342024
342026
342304
360001
360002
360003
360004
360005
360006
360007
360020
360021
360022
360024
360575
360576
360578
360579
361001
361002
361003
361004
361005
361006
361007
361008
361140
361150
363001
363641
363642
364001
364002
364003
364004
364005
364006
364060
364110
370001
370110
370201
370203
370205
370240
370421
380001
380002
380003
380004
380005
380006
380007
380008
380009
380013
380014
380015
380016
380018
380019
380021
380022
380023
380024
380025
380026
380027
380028
380050
380051
380052
380053
380054
380055
380058
380059
380060
380061
380063
382006
382007
382009
382010
382016
382021
382024
382028
382030
382041
382042
382210
382213
382330
382340
382345
382346
382350
382405
382415
382418
382421
382424
382427
382428
382430
382440
382443
382445
382449
382470
382475
382480
382481
382610
382721
383001
384001
384002
387001
387002
388001
388110
388120
388121
388315
388325
389001
389002
390001
390002
390003
390004
390005
390006
390007
390008
390009
390010
390011
390012
390013
390014
390015
390016
390017
390018
390019
390020
390021
390022
390023
390024
390025
391101
391310
391320
391330
391340
391345
391346
391350
391410
391440
391740
391750
391760
392001
392011
392015
393001
393002
393010
394101
394105
394107
394130
394150
394185
394190
394210
394211
394220
394221
394230
394235
394270
394305
394310
394325
394326
394327
394510
394515
394516
394518
394520
394601
395001
395002
395003
395004
395005
395006
395007
395008
395009
395010
395017
395023
395221
396001
396105
396165
396191
396193
396195
396210
396230
396421
396424
396427
396433
396436
396445
396463
396466
396469
396472
400001
400002
400003
400004
400005
400006
400007
400008
400009
400010
400011
400012
400013
400014
400015
400016
400017
400018
400019
400020
400021
400022
400023
400024
400025
400026
400027
400028
400029
400030
400031
400032
400033
400034
400035
400036
400037
400038
400039
400042
400043
400048
400049
400050
400051
400052
400053
400054
400055
400056
400057
400058
400059
400060
400061
400062
400063
400064
400065
400066
400067
400068
400069
400070
400071
400072
400074
400075
400076
400077
400078
400079
400080
400081
400082
400083
400084
400086
400087
400088
400089
400090
400091
400092
400093
400094
400095
400096
400097
400098
400099
400101
400102
400103
400104
400601
400602
400603
400604
400605
400606
400607
400608
400610
400613
400614
400615
400701
400703
400705
400706
400708
400709
400710
401101
401104
401105
401106
401107
401208
401209
401404
401501
401502
401504
401506
402107
402108
402201
403001
403002
403005
403006
403101
403104
403108
403109
403114
403115
403201
403203
403204
403401
403402
403407
403409
403507
403511
403517
403521
403601
403602
403604
403701
403706
403707
403708
403709
403710
403711
403712
403713
403714
403715
403716
403717
403718
403719
403720
403721
403722
403724
403725
403726
403729
403731
403801
403802
403803
403804
403806
410210
410401
410501
410505
410506
410507
411001
411002
411003
411004
411005
411006
411007
411008
411009
411011
411012
411013
411014
411015
411016
411017
411018
411019
411020
411021
411022
411023
411024
411025
411026
411027
411028
411029
411030
411031
411032
411033
411034
411035
411036
411037
411038
411039
411040
411041
411042
411043
411044
411045
411046
411047
411048
411051
411052
411057
411058
411060
411061
412101
412105
412114
412207
412208
412307
412308
413001
413002
413003
413004
413005
413006
413101
413213
413304
413305
413306
413307
413709
414001
414002
414003
414004
414005
415001
415002
415003
415004
416001
416002
416003
416004
416005
416006
416007
416008
416010
416012
416013
416101
416112
416115
416118
416119
416122
416234
416410
416415
416416
421001
421002
421004
421005
421103
421201
421202
421203
421204
421301
421302
421305
421306
421311
421501
421502
421503
422001
422002
422003
422004
422005
422006
422007
422008
422009
422010
422011
422012
422013
422101
422102
422105
422203
422206
422207
422212
422213
422221
422222
422401
422501
422502
422605
425001
425002
425003
431203
440001
440002
440003
440004
440005
440006
440007
440008
440009
440010
440011
440012
440013
440014
440015
440016
440017
440018
440019
440020
440021
440022
440023
440024
440025
440026
440027
440028
440030
440032
440033
440034
440035
440036
441001
441002
441111
444001
444002
444003
444004
444005
444104
444601
444602
444603
444604
444605
444606
444607
452001
452002
452003
452004
452005
452006
452007
452008
452009
452010
452011
452012
452013
452014
452015
452016
452017
452018
452019
452020
453111
453112
453331
453556
453771
462001
462002
462003
462004
462007
462008
462011
462013
462016
462021
462022
462023
462024
462026
462027
462030
462031
462032
462033
462036
462039
462041
462042
462043
462045
462047
474001
474002
474003
474004
474005
474006
474007
474008
474009
474010
474011
474012
474020
476001
482001
482002
482003
482004
482005
482007
482008
482009
482010
482011
482020
490001
490006
490009
490011
490012
490020
490021
490023
490024
490025
490026
490036
491001
491002
492001
492002
492003
492004
492005
492006
492007
492008
492009
492010
492011
492012
492013
492015
492099
492101
493111
495001
495002
495004
495005
495009
495116
495220
495222
495223
495224
495452
495454
495677
495678
495684
496001
496100
496440
500001
500002
500003
500004
500005
500006
500007
500008
500009
500010
500011
500012
500013
500014
500015
500016
500017
500018
500019
500020
500021
500022
500023
500024
500025
500026
500027
500028
500029
500030
500031
500032
500033
500034
500035
500036
500037
500038
500039
500040
500041
500042
500043
500044
500045
500046
500047
500048
500049
500050
500051
500052
500053
500054
500055
500056
500057
500058
500059
500060
500061
500062
500063
500064
500065
500067
500068
500069
500070
500071
500072
500073
500074
500075
500076
500077
500078
500079
500080
500081
500082
500083
500084
500085
500086
500087
500088
500089
500090
500091
500092
500093
500094
500095
500096
500097
500098
500100
500265
500482
501218
501401
502001
502032
502307
502319
502324
502325
503001
503002
503003
503230
504001
505001
506001
506002
506003
506004
506005
506006
506007
506008
506009
506010
506011
506012
506013
506015
506370
507001
507002
507003
507101
507115
507118
508001
508213
515001
515002
515003
515004
516001
516002
516003
516004
516360
517001
517002
517003
517004
517101
517128
517408
517416
517501
517502
517503
517505
517507
517520
517644
518001
518002
518003
518004
518005
518006
518007
518008
520001
520002
520003
520004
520007
520008
520009
520010
520011
520012
520013
520015
521001
521104
521108
521137
521139
521201
521225
522001
522002
522003
522004
522005
522006
522007
522017
522019
522034
522213
522501
522502
522503
522509
522510
522601
522616
523001
523002
524001
524002
524003
524004
524005
524101
524137
524305
530001
530002
530003
530004
530005
530007
530008
530009
530010
530011
530012
530013
530014
530015
530016
530017
530018
530020
530022
530024
530026
530027
530028
530029
530032
530035
530040
530041
530043
530044
530045
530046
530047
530048
530049
530051
531001
532001
532185
532401
532421
532484
533001
533002
533003
533004
533005
533006
533007
533016
533101
533103
533104
533105
533106
533125
533201
533437
533440
534001
534002
534003
534005
534006
534101
534201
534202
535001
535002
535003
560001
560002
560003
560004
560005
560006
560007
560008
560009
560010
560011
560012
560013
560014
560015
560016
560017
560018
560019
560020
560021
560022
560023
560024
560025
560026
560027
560028
560029
560030
560031
560032
560033
560034
560035
560036
560037
560038
560039
560040
560041
560042
560043
560044
560045
560046
560047
560048
560049
560050
560051
560052
560053
560054
560055
560056
560057
560058
560059
560060
560061
560062
560063
560064
560065
560066
560067
560068
560069
560070
560071
560072
560073
560074
560075
560076
560077
560078
560079
560080
560081
560082
560083
560084
560085
560086
560087
560089
560090
560091
560092
560093
560094
560095
560096
560097
560098
560099
560100
560102
560103
560104
560105
560106
562106
562107
562123
562125
562157
570001
570002
570003
570004
570005
570006
570007
570008
570009
570010
570011
570012
570013
570014
570015
570016
570017
570018
570019
570020
570021
570022
570023
570024
570025
570026
570027
570028
570029
571130
571186
571201
571301
571302
571311
571401
571402
571403
571404
572101
572102
572103
572104
572105
572106
572107
573201
574104
574105
574106
574110
574115
574117
574118
574142
574146
574153
574160
574170
574199
574201
574202
574203
575001
575002
575003
575004
575005
575006
575007
575008
575010
575011
575013
575014
575015
575016
575017
575018
575019
575020
575022
575023
575025
575026
576101
576102
576103
576104
576105
576106
576107
576108
576113
576114
576115
576117
576120
576122
576124
576213
577001
577002
577003
577004
577005
577006
577101
577102
577133
577201
577202
577203
577204
577205
577211
577216
577222
577225
577227
577229
577233
577301
577302
577433
577512
577514
577525
577530
577566
577589
577601
580001
580002
580003
580004
580005
580006
580007
580008
580009
580020
580021
580022
580023
580024
580025
580028
580029
580030
580031
580032
581110
581301
581302
581303
581304
581305
581306
581307
581308
581352
581396
581400
581401
581402
582101
582102
582103
583101
583102
583103
583104
583105
583115
583116
583117
583123
583125
583152
583201
583203
583225
583231
583275
583276
583278
584101
584102
584103
585101
585102
585103
585104
585105
585401
585402
585403
586101
586102
586103
586104
586108
587101
587102
587103
590001
590002
590003
590004
590005
590006
590007
590008
590009
590010
590011
590012
590016
590019
591108
591113
591124
600001
600002
600003
600004
600005
600006
600007
600008
600009
600010
600011
600012
600013
600014
600015
600016
600017
600018
600019
600020
600021
600022
600023
600024
600025
600026
600027
600028
600029
600030
600031
600032
600033
600034
600035
600036
600037
600038
600039
600040
600041
600042
600043
600044
600045
600046
600047
600048
600049
600050
600051
600052
600053
600054
600055
600056
600057
600058
600059
600060
600061
600062
600063
600064
600065
600066
600067
600068
600069
600070
600071
600073
600074
600075
600076
600077
600078
600079
600080
600081
600082
600083
600084
600085
600086
600087
600088
600089
600090
600091
600092
600093
600094
600095
600096
600097
600098
600099
600100
600101
600102
600103
600104
600105
600106
600107
600108
600109
600110
600112
600113
600114
600115
600116
600117
600118
600119
600122
600124
600125
600126
601201
601302
602001
602002
602003
602024
602025
602105
602106
602108
603001
603002
603102
603103
603104
603111
603127
603202
603203
603204
603209
603210
604407
604408
604409
605001
605002
605003
605004
605005
605006
605007
605008
605009
605010
605011
605012
605013
605014
605101
605102
605104
605105
605106
605110
605111
605502
606601
606603
606604
607001
607002
607003
607004
607005
607105
607109
607302
607303
607308
607401
607402
607801
607802
607803
607807
608001
608002
612001
612002
612103
612204
612302
612401
612702
613001
613002
613004
613005
613006
613007
613009
613010
613105
613204
613303
613401
613402
613403
613501
614201
614205
614207
620001
620002
620003
620004
620005
620006
620007
620008
620009
620010
620011
620012
620013
620014
620015
620016
620017
620018
620019
620020
620021
620022
620023
620024
620026
620101
620102
621005
621009
621105
621111
621112
621132
621201
621202
621204
621213
621216
621218
621601
621703
621712
622001
622002
622003
622004
622005
624001
624002
624003
624004
624005
624301
624302
624601
625001
625002
625003
625004
625005
625006
625007
625008
625009
625010
625011
625012
625014
625015
625016
625017
625018
625019
625020
625021
625022
625104
625107
625122
625201
625214
625221
625234
625301
625402
625501
625512
625514
625515
625517
625520
625524
625528
625530
625531
625534
625536
625562
625582
625601
625602
625604
625706
626001
626002
626003
626004
626005
626101
626102
626105
626108
626109
626110
626117
626121
626123
626124
626125
626130
626136
626142
626188
626189
627001
627002
627003
627004
627005
627006
627007
627008
627009
627010
627011
627012
627358
628001
628002
628003
628004
628005
628006
628007
628008
628202
628204
628215
628216
628501
628502
629001
629002
629003
629004
629201
629501
629502
629702
629704
629801
629901
630001
630002
630003
630004
630106
631001
631002
631003
631004
631501
631502
631503
631551
631552
631553
631561
631601
631604
631605
632001
632002
632004
632006
632007
632008
632009
632010
632012
632013
632014
632055
632057
632058
632059
632102
632104
632105
632106
632113
632114
632201
632202
632204
632401
632403
632404
632406
632503
632509
632515
632516
632517
632519
632602
635001
635002
635103
635104
635105
635108
635109
635110
635112
635114
635117
635119
635120
635121
635126
635205
635303
635601
636001
636002
636003
636004
636005
636006
636007
636008
636009
636010
636011
636012
636013
636014
636015
636016
636030
636103
636106
636122
636140
636201
636203
636302
636304
636307
636308
636701
636702
636703
636704
636705
636803
636804
636807
636808
636809
636813
637001
637002
637003
637205
637207
637209
637211
637214
637408
637501
637502
638001
638002
638003
638004
638005
638006
638007
638008
638009
638011
638012
638052
638102
638182
638183
638301
638316
638452
638476
639001
639002
639003
639004
639005
639006
639101
639103
639115
641001
641002
641003
641004
641005
641006
641007
641008
641009
641010
641011
641012
641013
641014
641015
641016
641017
641018
641021
641023
641024
641025
641026
641027
641028
641029
641030
641031
641033
641034
641035
641036
641037
641038
641039
641040
641041
641042
641043
641044
641045
641046
641048
641049
641062
641105
641112
641114
641402
641601
641602
641603
641604
641605
641606
641607
641608
641652
641654
641666
641687
642001
642002
642003
642004
642005
642006
642007
642104
642109
642110
642120
642126
642128
642129
670001
670002
670003
670004
670005
670006
670007
670008
670009
670010
670011
670012
670013
670014
670016
670017
670101
670102
670103
670104
670105
670106
670141
670307
670643
670673
671121
671123
671314
671315
671317
671531
673001
673002
673003
673004
673005
673006
673007
673008
673009
673010
673011
673012
673014
673016
673017
673020
673021
673027
673028
673029
673032
673311
673570
673571
673601
673631
673633
673634
673635
673638
676101
676103
676107
676121
676122
676123
676501
676503
676505
676510
676519
676552
678001
678002
678003
678004
678005
678006
678007
678008
678009
678010
678011
678012
678013
678014
678101
678102
678103
678104
678501
678502
678503
678504
678506
678512
678531
678551
678552
678553
678554
678555
678557
678571
678572
678592
678594
678611
678612
678613
678621
678622
678623
678651
678671
678681
678701
678702
678721
678722
678731
678732
679301
679321
679322
679531
680001
680002
680003
680004
680005
680006
680007
680008
680009
680010
680011
680012
680013
680014
680018
680020
680021
680022
680026
680027
680101
680121
680123
680125
680301
680302
680305
680306
680307
680322
680501
680502
680503
680506
680507
680541
680545
680547
680553
680555
680561
680562
680563
680566
680567
680569
680581
680582
680596
680611
680612
680614
680618
680621
680631
680651
680654
680655
680656
680664
680684
680711
680712
680722
680732
680751
682001
682002
682003
682004
682005
682011
682012
682013
682015
682016
682017
682018
682019
682020
682021
682022
682023
682024
682025
682026
682028
682029
682030
682031
682032
682033
682034
682035
682036
682037
682038
682039
682040
682041
682301
682302
682303
682304
682305
682306
682307
682308
682309
682312
682314
682506
683101
683102
683104
683105
683106
683108
683109
683110
683111
683112
683501
683502
683503
683511
683542
683543
683547
683572
683573
683574
683585
686001
686002
686003
686004
686005
686006
686007
686008
686009
686010
686011
686012
686013
686014
686015
686016
686017
686018
686019
686020
686101
686102
686103
686104
686105
686106
686506
686507
686532
686535
686572
686575
686603
686604
686605
688001
688002
688003
688004
688005
688006
688007
688008
688009
688011
688012
688013
688014
688503
688504
688505
688521
688522
688523
688524
688525
688531
688534
688537
688538
688539
688541
688546
688561
689101
689102
689103
689104
689105
689106
689107
689108
689109
689110
689111
689112
689113
689115
689121
689501
689511
689522
689526
689547
689573
689574
689585
689622
689623
689624
689641
689645
690101
690102
690103
690104
690105
690106
690108
690109
690110
690502
690503
690505
690508
690513
690514
690516
690518
690525
690526
690548
690552
690558
690570
690572
691001
691002
691003
691004
691005
691006
691007
691008
691009
691010
691011
691012
691013
691014
691015
691016
691017
691018
691019
691020
691021
691301
691302
691305
691306
691333
691523
691526
691571
691583
695001
695002
695003
695004
695005
695006
695008
695009
695010
695011
695012
695013
695014
695015
695016
695017
695023
695024
695025
695029
695030
695033
695034
695035
695036
695037
695038
695040
695043
695099
695101
695102
695103
695104
695141
695301
695302
695304
695308
695310
695311
695316
695547
695581
695582
695583
695584
695585
695586
695587
695588
695605
695607
700001
700002
700003
700004
700005
700006
700007
700008
700009
700010
700011
700012
700013
700014
700015
700016
700017
700018
700019
700020
700021
700022
700023
700024
700025
700026
700027
700028
700029
700030
700031
700032
700033
700034
700035
700036
700037
700038
700039
700040
700041
700042
700043
700044
700045
700046
700047
700048
700049
700050
700051
700052
700053
700054
700055
700056
700057
700058
700059
700060
700061
700062
700063
700064
700065
700066
700067
700068
700069
700070
700071
700072
700073
700074
700075
700076
700077
700078
700079
700080
700081
700082
700083
700084
700085
700086
700087
700088
700089
700090
700091
700092
700093
700094
700095
700096
700097
700098
700099
700100
700101
700102
700103
700104
700105
700106
700107
700108
700109
700110
700111
700112
700113
700114
700115
700116
700117
700118
700119
700120
700121
700122
700123
700124
700125
700126
700127
700129
700130
700131
700132
700133
700134
700135
700136
700137
700140
700141
700142
700143
700146
700147
700150
700152
700153
700154
700156
700157
700159
711101
711102
711103
711104
711105
711106
711107
711108
711109
711110
711111
711112
711113
711201
711202
711203
711204
711205
711227
711302
711313
711403
711405
712101
712102
712103
712104
712105
712121
712123
712124
712125
712136
712137
712139
712201
712202
712203
712204
712205
712221
712222
712223
712233
712248
712249
712250
712502
713101
713102
713103
713104
713130
713146
713148
713149
713201
713202
713203
713204
713205
713206
713207
713208
713209
713210
713211
713212
713213
713214
713215
713216
713217
713219
713301
713302
713303
713304
713305
713308
713310
713322
713325
713326
713331
713340
713341
713347
713358
713406
713409
721101
721102
721132
721137
721171
721212
721301
721302
721304
721305
721306
721401
721507
721602
721607
721636
721657
731204
731235
734001
734002
734003
734004
734005
734006
734007
734008
734009
734010
734011
734012
734013
734014
734101
734203
734301
734401
734403
734404
734405
736101
736102
736121
736122
736123
736179
743122
743127
743135
743144
743145
743165
751001
751002
751003
751004
751005
751006
751007
751008
751009
751010
751011
751012
751013
751014
751015
751016
751017
751018
751019
751020
751021
751022
751023
751024
751025
751030
752050
752101
753001
753002
753003
753004
753005
753006
753007
753008
753009
753010
753011
753012
753013
753014
753021
754001
756001
756002
756003
756021
756025
756056
759100
759101
759103
759106
759107
759111
759116
759118
759119
759122
759123
759124
759125
759128
759130
759141
759143
759145
768001
768002
768003
768004
768005
768006
768016
768017
768018
768019
768020
768025
768026
768105
768106
768113
768201
768202
768203
768204
768212
768214
768221
768222
768227
768234
769001
769002
769003
769004
769005
769006
769007
769008
769009
769010
769011
769012
769013
769014
769015
769016
781001
781003
781004
781005
781006
781007
781008
781009
781010
781011
781012
781013
781014
781015
781016
781017
781018
781019
781020
781021
781022
781023
781024
781025
781026
781027
781028
781029
781030
781031
781032
781033
781034
781035
781036
781037
781038
781039
781040
781122
781125
781171
782001
782002
782003
782103
782136
782138
782140
782141
782410
784001
784027
784028
784104
784110
784149
784154
784505
784506
785001
785004
785005
785006
785007
785008
785009
785010
785013
785014
785015
785101
785104
785106
785108
785112
785616
785633
785634
785635
785700
785704
786001
786002
786003
786004
786005
786008
786012
786102
786125
786126
786145
786146
786147
786170
786171
786183
786184
786189
786192
786601
786602
786610
786613
793001
793002
793003
793004
793005
793006
793007
793008
793009
793010
793011
793012
793014
793017
793019
793021
793022
800001
800002
800003
800004
800005
800006
800007
800008
800009
800010
800012
800013
800014
800015
800016
800017
800018
800020
800021
800022
800023
800024
800025
800026
800027
801105
801503
801505